81 66 7b 22 6a 73 6f 6e 72 70 63 22 3a 22 32 2e 30 22 2c 22 72
65 73 75 6c 74 22 3a 22 30 78 32 63 32 39 65 38 30 63 37 36 30
36 36 66 34 30 37 63 30 38 33 35 65 61 65 37 62 63 31 31 31 61
32 62 37 62 35 37 31 62 31 63 62 31 33 38 34 38 65 65 64 38 61
39 61 64 62 37 38 34 63 32 32 63 22 2c 22 69 64 22 3a 31 7d
{"jsonrpc": "2.0", "result": "0x2c29e80c76066f407c0835eae7bc11
1a2b7b571b1cb13848eed8a9adb784c22c", "id": 1}



74 53 74 6f 72 61 67 65 48 61 73 68 22 2c 22 73 74 61 74 65 5f
67 65 74 53 74 6f 72 61 67 65 48 61 73 68 41 74 22 2c 22 73 74
61 74 65 5f 67 65 74 53 74 6f 72 61 67 65 53 69 7a 65 22 2c 22
73 74 61 74 65 5f 67 65 74 53 74 6f 72 61 67 65 53 69 7a 65 41
74 22 2c 22 73 74 61 74 65 5f 71 75 65 72 79 53 74 6f 72 61 67
65 22 2c 22 73 74 61 74 65 5f 71 75 65 72 79 53 74 6f 72 61 67
65 41 74 22 2c 22 73 74 61 74 65 5f 73 75 62 73 63 72 69 62 65
52 75 6e 74 69 6d 65 56 65 72 73 69 6f 6e 22 2c 22 73 74 61 74
65 5f 73 75 62 73 63 72 69 62 65 53 74 6f 72 61 67 65 22 2c 22
73 74 61 74 65 5f 74 72 61 63 65 42 6c 6f 63 6b 22 2c 22 73 74
61 74 65 5f 75 6e 73 75 62 73 63 72 69 62 65 52 75 6e 74 69 6d
65 56 65 72 73 69 6f 6e 22 2c 22 73 74 61 74 65 5f 75 6e 73 75
62 73 63 72 69 62 65 53 74 6f 72 61 67 65 22 2c 22 73 75 62 73
63 72 69 62 65 5f 6e 65 77 48 65 61 64 22 2c 22 73 79 73 74 65
6d 5f 61 63 63 6f 75 6e 74 4e 65 78 74 49 6e 64 65 78 22 2c 22
73 79 73 74 65 6d 5f 61 64 64 4c 6f 67 46 69 6c 74 65 72 22 2c
22 73 79 73 74 65 6d 5f 61 64 64 52 65 73 65 72 76 65 64 50 65
65 72 22 2c 22 73 79 73 74 65 6d 5f 63 68 61 69 6e 22 2c 22 73
79 73 74 65 6d 5f 63 68 61 69 6e 54 79 70 65 22 2c 22 73 79 73
74 65 6d 5f 64 72 79 52 75 6e 22 2c 22 73 79 73 74 65 6d 5f 64
72 79 52 75 6e 41 74 22 2c 22 73 79 73 74 65 6d 5f 68 65 61 6c
74 68 22 2c 22 73 79 73 74 65 6d 5f 6c 6f 63 61 6c 4c 69 73 74
65 6e 41 64 64 72 65 73 73 65 73 22 2c 22 73 79 73 74 65 6d 5f
6c 6f 63 61 6c 50 65 65 72 49 64 22 2c 22 73 79 73 74 65 6d 5f
6e 61 6d 65 22 2c 22 73 79 73 74 65 6d 5f 6e 6f 64 65 52 6f 6c
65 73 22 2c 22 73 79 73 74 65 6d 5f 70 65 65 72 73 22 2c 22 73
79 73 74 65 6d 5f 70 72 6f 70 65 72 74 69 65 73 22 2c 22 73 79
73 74 65 6d 5f 72 65 6d 6f 76 65 52 65 73 65 72 76 65 64 50 65
65 72 22 2c 22 73 79 73 74 65 6d 5f 72 65 73 65 72 76 65 64 50
65 65 72 73 22 2c 22 73 79 73 74 65 6d 5f 72 65 73 65 74 4c 6f
67 46 69 6c 74 65 72 22 2c 22 73 79 73 74 65 6d 5f 73 79 6e 63
53 74 61 74 65 22 2c 22 73 79 73 74 65 6d 5f 75 6e 73 74 61 62
6c 65 5f 6e 65 74 77 6f 72 6b 53 74 61 74 65 22 2c 22 73 79 73
74 65 6d 5f 76 65 72 73 69 6f 6e 22 2c 22 74 72 61 6e 73 61 63
74 69 6f 6e 5f 75 6e 73 74 61 62 6c 65 5f 73 75 62 6d 69 74 41
6e 64 57 61 74 63 68 22 2c 22 74 72 61 6e 73 61 63 74 69 6f 6e
5f 75 6e 73 74 61 62 6c 65 5f 75 6e 77 61 74 63 68 22 2c 22 75
6e 73 75 62 73 63 72 69 62 65 5f 6e 65 77 48 65 61 64 22 5d 7d
2c 22 69 64 22 3a 35 7d 81 7e 01 d4 7b 22 6a 73 6f 6e 72 70 63
22 3a 22 32 2e 30 22 2c 22 72 65 73 75 6c 74 22 3a 7b 22 73 70
65 63 4e 61 6d 65 22 3a 22 6e 6f 64 65 2d 74 65 6d 70 6c 61 74
65 22 2c 22 69 6d 70 6c 4e 61 6d 65 22 3a 22 6e 6f 64 65 2d 74
65 6d 70 6c 61 74 65 22 2c 22 61 75 74 68 6f 72 69 6e 67 56 65
72 73 69 6f 6e 22 3a 31 2c 22 73 70 65 63 56 65 72 73 69 6f 6e
22 3a 31 30 30 2c 22 69 6d 70 6c 56 65 72 73 69 6f 6e 22 3a 31
2c 22 61 70 69 73 22 3a 5b 5b 22 30 78 64 66 36 61 63 62 36 38
39 39 30 37 36 30 39 62 22 2c 34 5d 2c 5b 22 30 78 33 37 65 33
39 37 66 63 37 63 39 31 66 35 65 34 22 2c 31 5d 2c 5b 22 30 78
34 30 66 65 33 61 64 34 30 31 66 38 39 35 39 61 22 2c 36 5d 2c
5b 22 30 78 64 32 62 63 39 38 39 37 65 65 64 30 38 66 31 35 22
2c 33 5d 2c 5b 22 30 78 66 37 38 62 32 37 38 62 65 35 33 66 34
35 34 63 22 2c 32 5d 2c 5b 22 30 78 64 64 37 31 38 64 35 63 63
35 33 32 36 32 64 34 22 2c 31 5d 2c 5b 22 30 78 61 62 33 63 30
35 37 32 32 39 31 66 65 62 38 62 22 2c 31 5d 2c 5b 22 30 78 65
64 39 39 63 35 61 63 62 32 35 65 65 64 66 35 22 2c 33 5d 2c 5b
22 30 78 62 63 39 64 38 39 39 30 34 66 35 62 39 32 33 66 22 2c
31 5d 2c 5b 22 30 78 33 37 63 38 62 62 31 33 35 30 61 39 61 32
61 38 22 2c 32 5d 2c 5b 22 30 78 66 33 66 66 31 34 64 35 61 62
35 32 37 30 35 39 22 2c 32 5d 5d 2c 22 74 72 61 6e 73 61 63 74
69 6f 6e 56 65 72 73 69 6f 6e 22 3a 31 2c 22 73 74 61 74 65 56
65 72 73 69 6f 6e 22 3a 31 7d 2c 22 69 64 22 3a 32 7d
{"jsonrpc": "2.0", "result": {"specName": "node-template", "im
plName": "node-template", "authoringVersion": 1, "specVersion"
: 100, "implVersion": 1, "apis": [["0xdf6acb689907609b", 4], [
"0x37e397fc7c91f5e4", 1], ["0x40fe3ad401f8959a", 6], ["0xd2bc9
897eed08f15", 3], ["0xf78b278be53f454c", 2], ["0xdd718d5cc5326
2d4", 1], ["0xab3c0572291feb8b", 1], ["0xed99c5acb25eedf5", 3]
, ["0xbc9d89904f5b923f", 1], ["0x37c8bb1350a9a2a8", 2], ["0xf3
ff14d5ab527059", 2]], "transactionVersion": 1, "stateVersion":
 1}, "id": 2}



81 fe 00 ed 76 a4 55 8d 0d 86 3c e9 54 9e 64 bd 5a 86 3f fe 19
ca 27 fd 15 86 6f af 44 8a 65 af 5a 86 38 e8 02 cc 3a e9 54 9e
77 fe 02 c5 21 e8 29 d7 20 ef 05 c7 27 e4 14 c1 06 f9 19 d6 34
ea 13 86 79 af 06 c5 27 ec 1b d7 77 b7 2d ff 77 bd 0e 96 63 ec
17 97 6c b9 13 c1 34 b8 40 97 65 e8 46 93 36 b9 4e c5 30 bd 15
9d 60 b8 4e c7 30 eb 41 c6 6c b4 12 9c 6d bd 13 c7 63 b5 47 93
6c b4 15 94 36 eb 45 94 30 b5 4e 9c 63 be 41 95 31 ec 4f c0 30
bc 13 9c 63 ec 4f c5 6d ee 41 97 6c b5 40 90 36 eb 45 c7 36 b8
13 c7 67 ef 13 c5 60 b4 10 c0 61 be 43 9d 66 ee 41 95 60 eb 12
c0 66 bc 15 92 64 bc 42 95 34 ef 12 94 61 ec 4f 9d 33 e9 40 9c
67 bf 15 9c 60 b8 4e 9c 60 b9 15 c7 31 e8 45 9d 34 b8 40 9c 61
e8 41 c5 60 bb 12 c5 67 ba 12 86 08 d0 0b
{"id": 10, "jsonrpc": "2.0", "method": "state_subscribeStorage
", "params": [["0x26aa394eea5630e07c48ae0c9558cef7b99d880ec681
799c0cf30e8886371da9de1e86a9a8c739864cf3cc5ec2bea59fd43593c715
fdd31c61141abd04a99fd6822c8558854ccde39a5684e7a56da27d"]]}



81 7e 01 f5 7b 22 6a 73 6f 6e 72 70 63 22 3a 22 32 2e 30 22 2c
22 72 65 73 75 6c 74 22 3a 7b 22 70 61 72 65 6e 74 48 61 73 68
22 3a 22 30 78 33 62 39 66 32 33 30 39 35 38 65 38 39 36 32 34
62 33 34 61 38 62 30 38 38 32 65 31 38 31 66 64 32 34 34 36 33
30 33 36 35 38 34 63 38 30 36 30 64 39 66 63 36 31 39 65 31 61
64 36 30 62 65 32 22 2c 22 6e 75 6d 62 65 72 22 3a 22 30 78 32
39 61 22 2c 22 73 74 61 74 65 52 6f 6f 74 22 3a 22 30 78 38 37
35 63 64 65 32 33 38 37 37 32 64 34 38 62 63 31 34 64 39 31 35
63 66 61 64 65 63 38 36 65 39 61 35 36 31 32 35 65 36 34 38 65
62 61 33 30 38 32 38 32 34 35 63 39 30 61 63 63 37 64 31 34 22
2c 22 65 78 74 72 69 6e 73 69 63 73 52 6f 6f 74 22 3a 22 30 78
34 64 64 66 34 35 62 61 33 37 33 36 32 38 61 37 35 35 62 35 37
30 36 34 36 34 38 32 38 66 37 32 65 37 63 66 62 36 37 32 62 64
65 64 61 32 30 65 32 37 30 31 62 64 39 66 64 65 61 66 62 32 31
35 22 2c 22 64 69 67 65 73 74 22 3a 7b 22 6c 6f 67 73 22 3a 5b
22 30 78 30 36 36 31 37 35 37 32 36 31 32 30 37 66 36 39 66 34
31 30 30 30 30 30 30 30 30 30 22 2c 22 30 78 30 35 36 31 37 35
37 32 36 31 30 31 30 31 35 30 32 66 39 38 64 31 63 61 34 62 66
63 35 66 62 61 36 36 61 39 36 39 34 39 31 36 37 33 36 31 64 34
61 38 39 63 64 66 66 61 64 35 61 35 64 66 32 34 34 36 36 33 64
32 37 36 65 33 30 34 33 31 33 34 65 33 62 63 64 37 66 39 36 62
64 34 39 38 64 61 63 61 30 36 30 30 36 30 34 30 36 30 35 62 64
35 36 66 31 32 61 30 33 65 61 62 33 66 65 64 37 66 39 35 30 30
39 33 62 30 35 38 34 35 38 36 22 5d 7d 7d 2c 22 69 64 22 3a 38
7d
{"jsonrpc": "2.0", "result": {"parentHash": "0x3b9f230958e8962
4b34a8b0882e181fd24463036584c8060d9fc619e1ad60be2", "number": 
"0x29a", "stateRoot": "0x875cde238772d48bc14d915cfadec86e9a561
25e648eba30828245c90acc7d14", "extrinsicsRoot": "0x4ddf45ba373
628a755b5706464828f72e7cfb672bdeda20e2701bd9fdeafb215", "diges
t": {"logs": ["0x0661757261207f69f41000000000", "0x05617572610
101502f98d1ca4bfc5fba66a96949167361d4a89cdffad5a5df244663d276e
3043134e3bcd7f96bd498daca06006040605bd56f12a03eab3fed7f950093b
0584586"]}}, "id": 8}



81 fe 00 84 3b a3 40 46 40 81 29 22 19 99 71 77 17 81 2a 35 54
cd 32 36 58 81 7a 64 09 8d 70 64 17 81 2d 23 4f cb 2f 22 19 99
62 25 53 c2 29 28 64 c4 25 32 73 c6 21 22 5e d1 62 6a 19 d3 21
34 5a ce 33 64 01 f8 62 76 43 90 22 7f 5d 91 73 76 02 96 78 23
03 9a 76 74 0f c1 73 72 5a 9b 22 76 03 9b 72 23 0a 9b 71 20 5f
91 74 72 0d 90 70 75 0d 96 78 72 58 9b 70 70 0b c7 79 20 58 95
71 7f 5e 92 21 22 0d 93 22 23 09 81 1d 3b
{"id": 11, "jsonrpc": "2.0", "method": "chain_getHeader", "par
ams": ["0x3b9f230958e89624b34a8b0882e181fd24463036584c8060d9fc
619e1ad60be2"]}



81 fe 00 84 5a 44 08 2e 21 66 61 4a 78 7e 39 1c 76 66 62 5d 35
2a 7a 5e 39 66 32 0c 68 6a 38 0c 76 66 65 4b 2e 2c 67 4a 78 7e
2a 4d 32 25 61 40 05 23 6d 5a 12 21 69 4a 3f 36 2a 02 78 34 69
5c 3b 29 7b 0c 60 1f 2a 1e 22 74 6a 16 62 7c 6a 16 38 7c 6a 1b
39 71 6a 4a 6a 26 38 1e 68 76 6b 18 6d 76 3f 1e 3f 73 3e 19 6d
70 6c 1e 39 7c 31 4a 3c 77 39 4b 6a 7d 6a 1f 62 7c 3d 4d 6a 7c
69 1f 68 7c 6a 1c 62 71 3a 1f 39 66 55 53
{"id": 12, "jsonrpc": "2.0", "method": "chain_getHeader", "par
ams": ["0x0b888b8b8b5c5bd0b0022c67270e76774d0c89df31e09b1885c0
8a128b28521c"]}



81 7e 01 f6 7b 22 6a 73 6f 6e 72 70 63 22 3a 22 32 2e 30 22 2c
22 72 65 73 75 6c 74 22 3a 7b 22 70 61 72 65 6e 74 48 61 73 68
22 3a 22 30 78 30 62 38 38 38 62 38 62 38 62 35 63 35 62 64 30
62 30 30 32 32 63 36 37 32 37 30 65 37 36 37 37 34 64 30 63 38
39 64 66 33 31 65 30 39 62 31 38 38 35 63 30 38 61 31 32 38 62
32 38 35 32 31 63 22 2c 22 6e 75 6d 62 65 72 22 3a 22 30 78 32
39 39 22 2c 22 73 74 61 74 65 52 6f 6f 74 22 3a 22 30 78 38 39
66 30 35 34 38 38 66 38 61 64 35 39 62 61 63 34 34 65 30 32 33
38 31 38 61 61 39 62 66 37 32 37 34 64 34 31 31 66 66 31 33 38
32 39 62 62 37 66 32 31 32 34 34 35 30 39 34 36 61 64 36 31 22
2c 22 65 78 74 72 69 6e 73 69 63 73 52 6f 6f 74 22 3a 22 30 78
30 37 32 30 32 30 33 63 30 38 37 36 63 36 38 66 37 36 34 36 62
61 33 32 30 63 63 64 66 37 38 37 34 36 35 39 64 61 32 62 33 62
35 31 38 36 30 65 37 38 66 62 31 34 62 30 31 61 62 35 38 65 37
37 22 2c 22 64 69 67 65 73 74 22 3a 7b 22 6c 6f 67 73 22 3a 5b
22 30 78 30 36 36 31 37 35 37 32 36 31 32 30 37 65 36 39 66 34
31 30 30 30 30 30 30 30 30 30 22 2c 22 30 78 30 35 36 31 37 35
37 32 36 31 30 31 30 31 66 36 31 30 31 32 32 62 38 38 36 33 38
36 66 30 35 61 65 62 31 36 62 63 30 34 38 66 61 31 62 30 34 61
35 62 66 65 62 33 30 32 66 30 30 62 38 66 66 66 39 31 61 61 38
37 30 33 30 31 33 64 33 32 61 31 30 31 33 34 37 37 39 65 61 65
30 39 63 65 62 34 61 61 63 35 30 33 31 63 34 63 39 31 66 31 30
31 61 65 36 66 31 35 38 62 31 31 63 31 35 31 61 66 33 33 39 39
38 33 33 34 65 34 32 62 38 64 22 5d 7d 7d 2c 22 69 64 22 3a 31
31 7d
{"jsonrpc": "2.0", "result": {"parentHash": "0x0b888b8b8b5c5bd
0b0022c67270e76774d0c89df31e09b1885c08a128b28521c", "number": 
"0x299", "stateRoot": "0x89f05488f8ad59bac44e023818aa9bf7274d4
11ff13829bb7f2124450946ad61", "extrinsicsRoot": "0x0720203c087
6c68f7646ba320ccdf7874659da2b3b51860e78fb14b01ab58e77", "diges
t": {"logs": ["0x0661757261207e69f41000000000", "0x05617572610
101f610122b886386f05aeb16bc048fa1b04a5bfeb302f00b8fff91aa87030
13d32a10134779eae09ceb4aac5031c4c91f101ae6f158b11c151af3399833
4e42b8d"]}}, "id": 11}



81 fe 00 8c 81 90 a1 c0 fa b2 c8 a4 a3 aa 90 f3 ad b2 cb b3 ee
fe d3 b0 e2 b2 9b e2 b3 be 91 e2 ad b2 cc a5 f5 f8 ce a4 a3 aa
83 b3 f5 f1 d5 a5 de f7 c4 b4 d3 e5 cf b4 e8 fd c4 96 e4 e2 d2
a9 ee fe 83 ec a3 e0 c0 b2 e0 fd d2 e2 bb cb 83 f0 f9 a0 c3 f8
b9 a8 c3 f8 e3 a8 c3 f5 e2 a5 c3 a4 b1 f2 91 f0 b3 a2 c2 f6 b6
a2 96 f0 e4 a7 97 f7 b6 a4 c5 f0 e2 a8 98 a4 e7 a3 90 a5 b1 a9
c3 f1 b9 a8 94 a3 b1 a8 c0 f1 b3 a8 c3 f2 b9 a5 93 f1 e2 b2 fc
bd
{"id": 13, "jsonrpc": "2.0", "method": "state_getRuntimeVersio
n", "params": ["0x0b888b8b8b5c5bd0b0022c67270e76774d0c89df31e0
9b1885c08a128b28521c"]}



81 7e 01 f6 7b 22 6a 73 6f 6e 72 70 63 22 3a 22 32 2e 30 22 2c
22 72 65 73 75 6c 74 22 3a 7b 22 70 61 72 65 6e 74 48 61 73 68
22 3a 22 30 78 39 66 61 36 62 65 31 39 31 36 34 66 31 31 38 36
63 30 38 33 62 30 39 31 33 63 32 34 61 62 64 66 34 33 31 34 65
32 63 65 65 64 32 37 38 62 36 38 37 31 32 64 66 63 61 34 38 65
36 35 38 30 63 66 22 2c 22 6e 75 6d 62 65 72 22 3a 22 30 78 32
39 38 22 2c 22 73 74 61 74 65 52 6f 6f 74 22 3a 22 30 78 35 64
34 63 39 34 61 38 64 36 32 64 34 36 37 65 33 32 39 39 32 31 64
38 63 37 65 36 38 65 38 35 66 65 35 64 33 62 32 66 33 33 39 37
62 32 34 30 30 66 61 32 34 33 61 62 64 31 35 65 39 63 66 39 22
2c 22 65 78 74 72 69 6e 73 69 63 73 52 6f 6f 74 22 3a 22 30 78
36 66 31 33 37 65 33 30 66 39 38 64 33 38 31 38 33 35 38 63 63
30 66 64 31 31 62 30 38 64 39 63 63 61 33 63 32 30 38 36 63 66
37 61 38 66 62 34 35 65 38 30 63 33 64 30 62 33 35 66 35 62 32
34 22 2c 22 64 69 67 65 73 74 22 3a 7b 22 6c 6f 67 73 22 3a 5b
22 30 78 30 36 36 31 37 35 37 32 36 31 32 30 37 64 36 39 66 34
31 30 30 30 30 30 30 30 30 30 22 2c 22 30 78 30 35 36 31 37 35
37 32 36 31 30 31 30 31 62 65 37 66 39 61 66 39 30 31 62 39 34
36 34 37 38 34 61 38 66 35 37 63 35 35 34 63 32 65 31 64 31 38
35 31 36 34 36 34 65 39 62 65 63 32 33 33 36 39 38 37 66 32 39
38 38 37 30 32 38 30 37 35 31 61 66 66 65 34 34 34 65 66 33 33
37 38 66 61 38 32 63 65 64 64 30 35 34 36 39 34 37 62 39 61 62
31 38 33 36 36 38 36 36 33 66 63 65 66 65 37 61 33 65 66 35 61
37 35 33 31 32 66 37 62 38 64 22 5d 7d 7d 2c 22 69 64 22 3a 31
32 7d
{"jsonrpc": "2.0", "result": {"parentHash": "0x9fa6be19164f118
6c083b0913c24abdf4314e2ceed278b68712dfca48e6580cf", "number": 
"0x298", "stateRoot": "0x5d4c94a8d62d467e329921d8c7e68e85fe5d3
b2f3397b2400fa243abd15e9cf9", "extrinsicsRoot": "0x6f137e30f98
d3818358cc0fd11b08d9cca3c2086cf7a8fb45e80c3d0b35f5b24", "diges
t": {"logs": ["0x0661757261207d69f41000000000", "0x05617572610
101be7f9af901b9464784a8f57c554c2e1d18516464e9bec2336987f298870
280751affe444ef3378fa82cedd0546947b9ab183668663fcefe7a3ef5a753
12f7b8d"]}}, "id": 12}



81 fe 00 8c 4a 9d fb 22 31 bf 92 46 68 a7 ca 16 66 bf 91 51 25
f3 89 52 29 bf c1 00 78 b3 cb 00 66 bf 96 47 3e f5 94 46 68 a7
d9 51 3e fc 8f 47 15 fa 9e 56 18 e8 95 56 23 f0 9e 74 2f ef 88
4b 25 f3 d9 0e 68 ed 9a 50 2b f0 88 00 70 c6 d9 12 32 a4 9d 43
7c ff 9e 13 73 ac cd 16 2c ac ca 1a 7c fe cb 1a 79 ff cb 1b 7b
ae 98 10 7e fc 99 46 2c a9 c8 13 7e f8 c9 41 2f f8 9f 10 7d a5
99 14 72 aa ca 10 2e fb 98 43 7e a5 9e 14 7f a5 cb 41 2c bf a6
5f
{"id": 14, "jsonrpc": "2.0", "method": "state_getRuntimeVersio
n", "params": ["0x9fa6be19164f1186c083b0913c24abdf4314e2ceed27
8b68712dfca48e6580cf"]}



81 7e 01 d5 7b 22 6a 73 6f 6e 72 70 63 22 3a 22 32 2e 30 22 2c
22 72 65 73 75 6c 74 22 3a 7b 22 73 70 65 63 4e 61 6d 65 22 3a
22 6e 6f 64 65 2d 74 65 6d 70 6c 61 74 65 22 2c 22 69 6d 70 6c
4e 61 6d 65 22 3a 22 6e 6f 64 65 2d 74 65 6d 70 6c 61 74 65 22
2c 22 61 75 74 68 6f 72 69 6e 67 56 65 72 73 69 6f 6e 22 3a 31
2c 22 73 70 65 63 56 65 72 73 69 6f 6e 22 3a 31 30 30 2c 22 69
6d 70 6c 56 65 72 73 69 6f 6e 22 3a 31 2c 22 61 70 69 73 22 3a
5b 5b 22 30 78 64 66 36 61 63 62 36 38 39 39 30 37 36 30 39 62
22 2c 34 5d 2c 5b 22 30 78 33 37 65 33 39 37 66 63 37 63 39 31
66 35 65 34 22 2c 31 5d 2c 5b 22 30 78 34 30 66 65 33 61 64 34
30 31 66 38 39 35 39 61 22 2c 36 5d 2c 5b 22 30 78 64 32 62 63
39 38 39 37 65 65 64 30 38 66 31 35 22 2c 33 5d 2c 5b 22 30 78
66 37 38 62 32 37 38 62 65 35 33 66 34 35 34 63 22 2c 32 5d 2c
5b 22 30 78 64 64 37 31 38 64 35 63 63 35 33 32 36 32 64 34 22
2c 31 5d 2c 5b 22 30 78 61 62 33 63 30 35 37 32 32 39 31 66 65
62 38 62 22 2c 31 5d 2c 5b 22 30 78 65 64 39 39 63 35 61 63 62
32 35 65 65 64 66 35 22 2c 33 5d 2c 5b 22 30 78 62 63 39 64 38
39 39 30 34 66 35 62 39 32 33 66 22 2c 31 5d 2c 5b 22 30 78 33
37 63 38 62 62 31 33 35 30 61 39 61 32 61 38 22 2c 32 5d 2c 5b
22 30 78 66 33 66 66 31 34 64 35 61 62 35 32 37 30 35 39 22 2c
32 5d 5d 2c 22 74 72 61 6e 73 61 63 74 69 6f 6e 56 65 72 73 69
6f 6e 22 3a 31 2c 22 73 74 61 74 65 56 65 72 73 69 6f 6e 22 3a
31 7d 2c 22 69 64 22 3a 31 33 7d
{"jsonrpc": "2.0", "result": {"specName": "node-template", "im
plName": "node-template", "authoringVersion": 1, "specVersion"
: 100, "implVersion": 1, "apis": [["0xdf6acb689907609b", 4], [
"0x37e397fc7c91f5e4", 1], ["0x40fe3ad401f8959a", 6], ["0xd2bc9
897eed08f15", 3], ["0xf78b278be53f454c", 2], ["0xdd718d5cc5326
2d4", 1], ["0xab3c0572291feb8b", 1], ["0xed99c5acb25eedf5", 3]
, ["0xbc9d89904f5b923f", 1], ["0x37c8bb1350a9a2a8", 2], ["0xf3
ff14d5ab527059", 2]], "transactionVersion": 1, "stateVersion":
 1}, "id": 13}



81 7e 01 d5 7b 22 6a 73 6f 6e 72 70 63 22 3a 22 32 2e 30 22 2c
22 72 65 73 75 6c 74 22 3a 7b 22 73 70 65 63 4e 61 6d 65 22 3a
22 6e 6f 64 65 2d 74 65 6d 70 6c 61 74 65 22 2c 22 69 6d 70 6c
4e 61 6d 65 22 3a 22 6e 6f 64 65 2d 74 65 6d 70 6c 61 74 65 22
2c 22 61 75 74 68 6f 72 69 6e 67 56 65 72 73 69 6f 6e 22 3a 31
2c 22 73 70 65 63 56 65 72 73 69 6f 6e 22 3a 31 30 30 2c 22 69
6d 70 6c 56 65 72 73 69 6f 6e 22 3a 31 2c 22 61 70 69 73 22 3a
5b 5b 22 30 78 64 66 36 61 63 62 36 38 39 39 30 37 36 30 39 62
22 2c 34 5d 2c 5b 22 30 78 33 37 65 33 39 37 66 63 37 63 39 31
66 35 65 34 22 2c 31 5d 2c 5b 22 30 78 34 30 66 65 33 61 64 34
30 31 66 38 39 35 39 61 22 2c 36 5d 2c 5b 22 30 78 64 32 62 63
39 38 39 37 65 65 64 30 38 66 31 35 22 2c 33 5d 2c 5b 22 30 78
66 37 38 62 32 37 38 62 65 35 33 66 34 35 34 63 22 2c 32 5d 2c
5b 22 30 78 64 64 37 31 38 64 35 63 63 35 33 32 36 32 64 34 22
2c 31 5d 2c 5b 22 30 78 61 62 33 63 30 35 37 32 32 39 31 66 65
62 38 62 22 2c 31 5d 2c 5b 22 30 78 65 64 39 39 63 35 61 63 62
32 35 65 65 64 66 35 22 2c 33 5d 2c 5b 22 30 78 62 63 39 64 38
39 39 30 34 66 35 62 39 32 33 66 22 2c 31 5d 2c 5b 22 30 78 33
37 63 38 62 62 31 33 35 30 61 39 61 32 61 38 22 2c 32 5d 2c 5b
22 30 78 66 33 66 66 31 34 64 35 61 62 35 32 37 30 35 39 22 2c
32 5d 5d 2c 22 74 72 61 6e 73 61 63 74 69 6f 6e 56 65 72 73 69
6f 6e 22 3a 31 2c 22 73 74 61 74 65 56 65 72 73 69 6f 6e 22 3a
31 7d 2c 22 69 64 22 3a 31 34 7d
{"jsonrpc": "2.0", "result": {"specName": "node-template", "im
plName": "node-template", "authoringVersion": 1, "specVersion"
: 100, "implVersion": 1, "apis": [["0xdf6acb689907609b", 4], [
"0x37e397fc7c91f5e4", 1], ["0x40fe3ad401f8959a", 6], ["0xd2bc9
897eed08f15", 3], ["0xf78b278be53f454c", 2], ["0xdd718d5cc5326
2d4", 1], ["0xab3c0572291feb8b", 1], ["0xed99c5acb25eedf5", 3]
, ["0xbc9d89904f5b923f", 1], ["0x37c8bb1350a9a2a8", 2], ["0xf3
ff14d5ab527059", 2]], "transactionVersion": 1, "stateVersion":
 1}, "id": 14}



81 fe 00 84 e7 cd 93 04 9c ef fa 60 c5 f7 a2 32 cb ef f9 77 88
a3 e1 74 84 ef a9 26 d5 e3 a3 26 cb ef fe 61 93 a5 fc 60 c5 f7
b1 67 8f ac fa 6a b8 aa f6 70 af a8 f2 60 82 bf b1 28 c5 bd f2
76 86 a0 e0 26 dd 96 b1 34 9f fd f1 3c df f5 f1 3c 85 f5 f1 31
84 f8 f1 60 d7 af a3 34 d5 ff f0 32 d0 ff a4 34 82 fa a5 33 d0
f9 f7 34 84 f5 aa 60 81 fe a2 61 d7 f4 f1 35 df f5 a6 67 d7 f5
f2 35 d5 f5 f1 36 df f8 a1 35 84 ef ce 79
{"id": 16, "jsonrpc": "2.0", "method": "chain_getHeader", "par
ams": ["0x0b888b8b8b5c5bd0b0022c67270e76774d0c89df31e09b1885c0
8a128b28521c"]}



81 7e 01 f6 7b 22 6a 73 6f 6e 72 70 63 22 3a 22 32 2e 30 22 2c
22 72 65 73 75 6c 74 22 3a 7b 22 70 61 72 65 6e 74 48 61 73 68
22 3a 22 30 78 30 62 38 38 38 62 38 62 38 62 35 63 35 62 64 30
62 30 30 32 32 63 36 37 32 37 30 65 37 36 37 37 34 64 30 63 38
39 64 66 33 31 65 30 39 62 31 38 38 35 63 30 38 61 31 32 38 62
32 38 35 32 31 63 22 2c 22 6e 75 6d 62 65 72 22 3a 22 30 78 32
39 39 22 2c 22 73 74 61 74 65 52 6f 6f 74 22 3a 22 30 78 38 39
66 30 35 34 38 38 66 38 61 64 35 39 62 61 63 34 34 65 30 32 33
38 31 38 61 61 39 62 66 37 32 37 34 64 34 31 31 66 66 31 33 38
32 39 62 62 37 66 32 31 32 34 34 35 30 39 34 36 61 64 36 31 22
2c 22 65 78 74 72 69 6e 73 69 63 73 52 6f 6f 74 22 3a 22 30 78
30 37 32 30 32 30 33 63 30 38 37 36 63 36 38 66 37 36 34 36 62
61 33 32 30 63 63 64 66 37 38 37 34 36 35 39 64 61 32 62 33 62
35 31 38 36 30 65 37 38 66 62 31 34 62 30 31 61 62 35 38 65 37
37 22 2c 22 64 69 67 65 73 74 22 3a 7b 22 6c 6f 67 73 22 3a 5b
22 30 78 30 36 36 31 37 35 37 32 36 31 32 30 37 65 36 39 66 34
31 30 30 30 30 30 30 30 30 30 22 2c 22 30 78 30 35 36 31 37 35
37 32 36 31 30 31 30 31 66 36 31 30 31 32 32 62 38 38 36 33 38
36 66 30 35 61 65 62 31 36 62 63 30 34 38 66 61 31 62 30 34 61
35 62 66 65 62 33 30 32 66 30 30 62 38 66 66 66 39 31 61 61 38
37 30 33 30 31 33 64 33 32 61 31 30 31 33 34 37 37 39 65 61 65
30 39 63 65 62 34 61 61 63 35 30 33 31 63 34 63 39 31 66 31 30
31 61 65 36 66 31 35 38 62 31 31 63 31 35 31 61 66 33 33 39 39
38 33 33 34 65 34 32 62 38 64 22 5d 7d 7d 2c 22 69 64 22 3a 31
35 7d
{"jsonrpc": "2.0", "result": {"parentHash": "0x0b888b8b8b5c5bd
0b0022c67270e76774d0c89df31e09b1885c08a128b28521c", "number": 
"0x299", "stateRoot": "0x89f05488f8ad59bac44e023818aa9bf7274d4
11ff13829bb7f2124450946ad61", "extrinsicsRoot": "0x0720203c087
6c68f7646ba320ccdf7874659da2b3b51860e78fb14b01ab58e77", "diges
t": {"logs": ["0x0661757261207e69f41000000000", "0x05617572610
101f610122b886386f05aeb16bc048fa1b04a5bfeb302f00b8fff91aa87030
13d32a10134779eae09ceb4aac5031c4c91f101ae6f158b11c151af3399833
4e42b8d"]}}, "id": 15}



81 7e 01 f6 7b 22 6a 73 6f 6e 72 70 63 22 3a 22 32 2e 30 22 2c
22 72 65 73 75 6c 74 22 3a 7b 22 70 61 72 65 6e 74 48 61 73 68
22 3a 22 30 78 39 66 61 36 62 65 31 39 31 36 34 66 31 31 38 36
63 30 38 33 62 30 39 31 33 63 32 34 61 62 64 66 34 33 31 34 65
32 63 65 65 64 32 37 38 62 36 38 37 31 32 64 66 63 61 34 38 65
36 35 38 30 63 66 22 2c 22 6e 75 6d 62 65 72 22 3a 22 30 78 32
39 38 22 2c 22 73 74 61 74 65 52 6f 6f 74 22 3a 22 30 78 35 64
34 63 39 34 61 38 64 36 32 64 34 36 37 65 33 32 39 39 32 31 64
38 63 37 65 36 38 65 38 35 66 65 35 64 33 62 32 66 33 33 39 37
62 32 34 30 30 66 61 32 34 33 61 62 64 31 35 65 39 63 66 39 22
2c 22 65 78 74 72 69 6e 73 69 63 73 52 6f 6f 74 22 3a 22 30 78
36 66 31 33 37 65 33 30 66 39 38 64 33 38 31 38 33 35 38 63 63
30 66 64 31 31 62 30 38 64 39 63 63 61 33 63 32 30 38 36 63 66
37 61 38 66 62 34 35 65 38 30 63 33 64 30 62 33 35 66 35 62 32
34 22 2c 22 64 69 67 65 73 74 22 3a 7b 22 6c 6f 67 73 22 3a 5b
22 30 78 30 36 36 31 37 35 37 32 36 31 32 30 37 64 36 39 66 34
31 30 30 30 30 30 30 30 30 30 22 2c 22 30 78 30 35 36 31 37 35
37 32 36 31 30 31 30 31 62 65 37 66 39 61 66 39 30 31 62 39 34
36 34 37 38 34 61 38 66 35 37 63 35 35 34 63 32 65 31 64 31 38
35 31 36 34 36 34 65 39 62 65 63 32 33 33 36 39 38 37 66 32 39
38 38 37 30 32 38 30 37 35 31 61 66 66 65 34 34 34 65 66 33 33
37 38 66 61 38 32 63 65 64 64 30 35 34 36 39 34 37 62 39 61 62
31 38 33 36 36 38 36 36 33 66 63 65 66 65 37 61 33 65 66 35 61
37 35 33 31 32 66 37 62 38 64 22 5d 7d 7d 2c 22 69 64 22 3a 31
36 7d
{"jsonrpc": "2.0", "result": {"parentHash": "0x9fa6be19164f118
6c083b0913c24abdf4314e2ceed278b68712dfca48e6580cf", "number": 
"0x298", "stateRoot": "0x5d4c94a8d62d467e329921d8c7e68e85fe5d3
b2f3397b2400fa243abd15e9cf9", "extrinsicsRoot": "0x6f137e30f98
d3818358cc0fd11b08d9cca3c2086cf7a8fb45e80c3d0b35f5b24", "diges
t": {"logs": ["0x0661757261207d69f41000000000", "0x05617572610
101be7f9af901b9464784a8f57c554c2e1d18516464e9bec2336987f298870
280751affe444ef3378fa82cedd0546947b9ab183668663fcefe7a3ef5a753
12f7b8d"]}}, "id": 16}



81 fe 01 69 0a 0c 21 84 71 2e 48 e0 28 36 10 b3 26 2e 4b f7 65
62 53 f4 69 2e 1b a6 38 22 11 a6 26 2e 4c e1 7e 64 4e e0 28 36
03 e5 7f 78 49 eb 78 53 52 f1 68 61 48 f0 4f 74 55 f6 63 62 52
ed 69 2e 0d a6 7a 6d 53 e5 67 7f 03 be 51 2e 11 fc 39 39 11 b6
32 38 11 b4 6e 38 12 b1 33 3f 42 b3 3b 39 47 e0 6e 3f 10 e7 3c
3d 10 b0 3b 6d 43 e0 3a 38 40 bd 33 6a 45 b2 32 3e 13 e7 32 39
14 bc 32 39 15 e7 69 68 44 b7 33 6d 14 b2 32 38 44 b3 6b 39 17
e0 6b 3e 16 e0 3a 3d 40 b4 69 69 14 e7 3d 3a 13 b1 38 3a 12 b0
6c 39 18 b7 6c 6f 15 b7 68 38 45 b2 6b 3f 42 b0 6b 3a 47 b7 3d
3b 13 b0 68 6a 12 bd 6c 6e 13 b1 38 39 40 e0 6f 6a 18 e0 6b 6f
40 b2 38 3b 18 b6 3e 68 17 b3 3e 39 12 e2 3b 3e 45 b6 3f 6a 43
b6 3f 68 11 e7 68 3e 11 e7 3f 69 19 b2 39 6d 45 b1 6f 3f 14 bc
38 3b 19 b2 6c 3d 40 b0 6c 68 18 bc 32 68 13 b0 3a 3f 43 b3 33
38 19 b4 3d 6e 44 b6 32 35 19 b1 3a 3d 10 e7 3a 3c 11 e5 3a 3c
11 b5 3a 3d 11 b5 3a 3d 11 b5 3a 3d 11 b5 3a 3d 11 b5 3a 3d 11
b5 3a 3d 11 b5 3a 3d 11 b5 3a 3d 11 b5 3a 3d 11 b5 3a 3d 11 b5
3a 3d 11 b5 3a 3d 11 b5 3a 3d 11 b5 3a 3d 11 b5 3a 3d 11 b5 3a
3d 11 b5 3a 3d 11 b5 3a 3d 03 d9 77
{"id": 17, "jsonrpc": "2.0", "method": "author_submitExtrinsic
", "params": ["0x35028400d43593c715fdd31c61141abd04a99fd6822c8
558854ccde39a5684e7a56da27d01a0ce5c76252634f593fc43b4d6a3c4a6f
37724bf39fb2525adef9daca627924d67453f12d25fb25d0cb20c5e863ad5e
3582786f1a4fd988d2403b794807be28985011c000a0001010101010101010
1010101010101010101010101010101010101010101010101010101"]}



81 67 7b 22 6a 73 6f 6e 72 70 63 22 3a 22 32 2e 30 22 2c 22 72
65 73 75 6c 74 22 3a 22 30 78 61 30 36 38 63 32 32 39 33 37 32
39 31 33 62 33 39 30 38 63 61 62 65 33 36 63 63 63 37 37 30 63
33 32 65 34 33 37 32 39 36 64 66 33 64 39 64 39 63 62 62 32 31
32 64 39 39 34 63 38 33 31 35 38 22 2c 22 69 64 22 3a 31 37 7d
{"jsonrpc": "2.0", "result": "0xa068c229372913b3908cabe36ccc77
0c32e437296df3d9d9cbb212d994c83158", "id": 17}



